acquire 1424
    0380 1424 1428 2360 2431
    2509 2544 2574 2669 2730
    2791 2806 2866 2879 3125
    3142 3623 4072 4092 4559
    4615 4720 4783 4874 4886
    4905 5080 5107 5126 5181
    5508 5541 5612 5625 6130
    6154 6168 7063 7084 7105
    8260 8433 8480 8516
acquiresleep 4872
    0389 4727 4742 4872 5561
    5610
allocproc 2355
    2355 2407 2482
allocuvm 1803
    0430 1803 1817 1823 2460
    6901 6915
alltraps 3386
    3259 3272 3273 3286 3291
    3385 3386 3563 3585
ALT 7960
    7960 7988 7990
argfd 6321
    6321 6373 6388 6407 6418
    6431
argint 3852
    0404 3852 3867 3883 4033
    4056 4070 6326 6388 6407
    6658 6725 6726 6782
argptr 3862
    0405 3862 6388 6407 6431
    6807
argstr 3880
    0406 3880 6457 6558 6658
    6707 6724 6758 6782
BACK 8911
    8911 9024 9170 9439
backcmd 8946 9164
    8946 8959 9025 9164 9166
    9292 9405 9440
BACKSPACE 8350
    8350 8367 8409 8444 8450
balloc 5266
    5266 5286 5667 5675 5679
BBLOCK 4360
    4360 5273 5308
begin_op 5078
    0336 2539 5078 6183 6274
    6460 6561 6661 6706 6723
    6757 6871
bfree 5302
    5302 5714 5724 5727
bget 4716
    4716 4746 4756
binit 4688
    0263 1093 4688
bmap 5660
    5404 5660 5686 5770 5820
bootmain 9517
    9463 9517
BPB 4357
    4357 4360 5272 5274 5309
bread 4752
    0264 4752 5027 5028 5040
    5056 5140 5141 5235 5256
    5273 5308 5461 5485 5564
    5676 5720 5770 5820
brelse 4776
    0265 4776 4779 5031 5032
    5047 5064 5144 5145 5237
    5259 5279 5284 5315 5467
    5470 5494 5572 5682 5726
    5773 5824
BSIZE 4305
    4109 4305 4324 4351 4357
    4530 4546 4569 5008 5029
    5142 5257 5770 5771 5772
    5816 5820 5821 5822
buf 4100
    0250 0264 0265 0266 0308
    0335 1970 1973 1982 1984
    4100 4106 4107 4108 4463
    4481 4484 4524 4556 4604
    4606 4609 4676 4680 4684
    4690 4703 4715 4718 4751
    4754 4765 4776 4956 5027
    5028 5040 5041 5047 5056
    5057 5063 5064 5140 5141
    5172 5220 5233 5254 5269
    5304 5457 5482 5555 5663
    5709 5756 5806 8181 8192
    8196 8201 8420 8442 8456
    8490 8511 8518 9034 9037
    9038 9039 9053 9065 9066
    9068 9069 9070 9074
bwrite 4765
    0266 4765 4768 5030 5063
    5143
bzero 5252
    5252 5280
B_DIRTY 4112
    4112 4544 4568 4573 4610
    4628 4736 4769 5189
B_VALID 4111
    4111 4572 4610 4628 4757
C 7981 8426
    7981 8029 8054 8055 8056
    8057 8058 8060 8426 8436
    8440 8447 8458 8491
CAPSLOCK 7962
    7962 7995 8136
cgaputc 8355
    8355 8415
clearpteu 1884
    0439 1884 1890 6917
cmd 8915
    8915 8927 8936 8937 8942
    8943 8948 8952 8956 8965
    8968 8973 8981 8987 8991
    9001 9025 9027 9102 9105
    9107 9108 9109 9110 9113
    9114 9116 9118 9119 9120
    9121 9122 9123 9124 9125
    9126 9129 9130 9132 9134
    9135 9136 9137 9138 9139
    9150 9151 9153 9155 9156
    9157 9158 9159 9160 9163
    9164 9166 9168 9169 9170
    9171 9172 9262 9263 9264
    9265 9267 9271 9274 9280
    9281 9284 9287 9289 9292
    9296 9298 9300 9303 9305
    9308 9310 9313 9314 9325
    9328 9331 9335 9350 9353
    9358 9362 9363 9366 9371
    9372 9378 9387 9388 9394
    9395 9401 9402 9411 9414
    9416 9422 9423 9428 9434
    9440 9441 9444
CMOS_PORT 7734
    7734 7748 7749 7787
CMOS_RETURN 7735
    7735 7790
CMOS_STATA 7774
    7774 7823
CMOS_STATB 7775
    7775 7816
CMOS_UIP 7776
    7776 7823
COM1 8564
    8564 8574 8577 8578 8579
    8580 8581 8582 8585 8591
    8592 8607 8609 8617 8619
commit 5151
    5003 5125 5151
CONSOLE 4436
    4436 8530 8531
consoleinit 8526
    0269 1084 8526
consoleintr 8429
    0271 8148 8429 8625
consoleread 8473
    8473 8531
consolewrite 8511
    8511 8530
consputc 8401
    8168 8201 8270 8288 8291
    8295 8296 8401 8444 8450
    8457 8518
context 2176
    0251 0377 2153 2176 2211
    2391 2392 2393 2394 2682
    2722 2928
CONV 7832
    7832 7833 7834 7835 7836
    7837 7838 7839
copyout 1968
    0438 1968 6925 6936
copyuvm 1903
    0435 1903 1914 1916 2487
cprintf 8252
    0270 1125 1817 1823 2926
    2930 2932 3656 3666 3668
    3673 3678 3962 5403 6875
    7909 8252 8313 8314 8315
    8318
cpu 2151
    0311 0363 1125 1143 1356
    1416 1441 1458 1504 1568
    2151 2162 2286 2309 2661
    3656 3666 3668 3673 3678
    7462
cpuid 2280
    0358 1125 1574 2280 3622
    3657 3667 3669 3676 3681
CR0_PE 0533
    0533 0987 1020
CR0_PG 0543
    0543 1020
CR0_WP 0539
    0539 1020
CR4_PSE 0545
    0545 1013
create 6607
    6607 6627 6640 6644 6664
    6707 6727
CRTPORT 8351
    8351 8360 8361 8362 8363
    8381 8382 8383 8384
CTL 7959
    7959 7985 7989 8135
DAY 7781
    7781 7805
deallocuvm 1837
    0431 1818 1824 1837 1871
    2463
DEVSPACE 0208
    0208 1682 1696
devsw 4429
    4429 4434 5759 5761 5809
    5811 6112 8530 8531
dinode 4328
    4328 4351 5458 5462 5483
    5486 5556 5565
dirent 4365
    4365 5864 5905 6505 6554
dirlink 5902
    0288 5902 5917 5925 6480
    6639 6643 6644
dirlookup 5861
    0289 5861 5867 5871 5909
    6025 6573 6617
DIRSIZ 4363
    4363 4367 5855 5922 5978
    5979 6042 6454 6555 6611
DPL_USER 0589
    0589 1577 1578 3578
E0ESC 7966
    7966 8120 8124 8125 8127
    8130
elfhdr 0805
    0805 6865 9519 9524
ELF_MAGIC 0802
    0802 6884 9530
ELF_PROG_LOAD 0836
    0836 6895
end_op 5103
    0337 2541 5103 6185 6279
    6462 6469 6487 6496 6563
    6597 6602 6666 6671 6677
    6686 6690 6708 6712 6728
    6732 6759 6765 6770 6874
    6909 6965
entry 0874
    0811 0870 0873 0874 3252
    3253 6949 7321 9521 9544
    9547
EOI 7617
    7617 7695 7724
ERROR 7638
    7638 7688
ESR 7620
    7620 7691 7692
EXEC 8907
    8907 8972 9109 9415
exec 6860
    0275 6798 6860 6875 8766
    8794 8879 8880 8976 8977
execcmd 8919 9103
    8919 8960 8973 9103 9105
    9371 9377 9378 9406 9416
exit 2522
    0359 2522 2562 3609 3613
    3692 3703 4018 8668 8671
    8684 8687 8759 8787 8876
    8881 8966 8975 8985 9030
    9077 9084
EXTMEM 0202
    0202 0212 1679
fdalloc 6353
    6353 6375 6682 6812
fetchint 3817
    0407 3817 3855 6789
fetchstr 3831
    0408 3831 3885 6795
file 4400
    0252 0278 0279 0280 0282
    0283 0284 0351 2214 4400
    5221 6110 6115 6125 6128
    6131 6151 6152 6164 6166
    6202 6215 6252 6315 6321
    6324 6353 6370 6384 6403
    6416 6428 6655 6804 7008
    7022 8161 8559 8928 8983
    8984 9114 9122 9322
filealloc 6126
    0278 6126 6682 7028
fileclose 6164
    0279 2534 6164 6170 6421
    6684 6815 6816 7054 7056
filedup 6152
    0280 2502 6152 6156 6377
fileinit 6119
    0281 1095 6119
fileread 6215
    0282 6215 6230 6390
filestat 6202
    0283 6202 6433
filewrite 6252
    0284 6252 6284 6289 6409
fork 2475
    0360 2475 4012 8758 8786
    8873 8875 9092 9094
fork1 9088
    8950 8992 9004 9011 9026
    9073 9088
forkret 2753
    2267 2394 2753
freerange 3101
    3061 3086 3092 3101
freevm 1865
    0432 1702 1865 1870 1928
    2587 6957 6962
FSSIZE 0162
    0162 4528
getcallerpcs 1478
    0381 1442 1478 2928 8316
getcmd 9034
    9034 9065
gettoken 9206
    9206 9291 9295 9307 9320
    9321 9357 9361 9383
growproc 2453
    0361 2453 4059
havedisk1 4483
    4483 4513 4612
holding 1502
    0382 1427 1454 1502 2713
holdingsleep 4901
    0391 4608 4767 4778 4901
    5583
HOURS 7780
    7780 7804
ialloc 5454
    0290 5454 5472 6626 6627
IBLOCK 4354
    4354 5461 5485 5564
ICRHI 7631
    7631 7701 7756 7768
ICRLO 7621
    7621 7702 7703 7757 7759
    7769
ID 7614
    7614 7654 7716
ideinit 4501
    0306 1097 4501
ideintr 4554
    0307 3633 4554
idelock 4480
    4480 4505 4559 4562 4580
    4615 4629 4633
iderw 4604
    0308 4604 4609 4611 4613
    4758 4770
idestart 4524
    4484 4524 4527 4535 4578
    4625
idewait 4488
    4488 4507 4537 4568
IDE_BSY 4466
    4466 4492
IDE_CMD_RDMUL 4473
    4473 4532
IDE_CMD_READ 4471
    4471 4532
IDE_CMD_WRITE 4472
    4472 4533
IDE_CMD_WRMUL 4474
    4474 4533
IDE_DF 4468
    4468 4494
IDE_DRDY 4467
    4467 4492
IDE_ERR 4469
    4469 4494
idtinit 3590
    0415 1127 3590
idup 5539
    0291 2503 5539 6012
iget 5504
    5409 5468 5504 5524 5879
    6010
iinit 5393
    0292 2764 5393
ilock 5553
    0293 5553 5559 5575 6015
    6205 6224 6275 6466 6479
    6492 6567 6575 6615 6619
    6629 6674 6762 6878 8485
    8505 8520
initlock 1412
    0383 1412 2275 3083 3581
    3586 4505 4692 4865 5012
    5397 6121 7036 8528
initlog 5006
    0334 2765 5006 5009
initsleeplock 4863
    0392 4706 4863 5399
inituvm 1760
    0433 1760 1765 2412
inode 4412
    0253 0288 0289 0290 0291
    0293 0294 0295 0296 0297
    0299 0300 0301 0302 0303
    0434 1775 2215 4406 4412
    4430 4431 5224 5389 5399
    5409 5453 5480 5503 5506
    5512 5538 5539 5553 5581
    5608 5632 5660 5706 5738
    5753 5803 5860 5861 5902
    5906 6004 6007 6039 6050
    6455 6502 6553 6606 6610
    6656 6704 6719 6754 6866
    8473 8511
INPUT_BUF 8418
    8418 8420 8442 8454 8456
    8458 8490
install_trans 5022
    5022 5071 5156
INT_DISABLED 7869
    7869 7914
IOAPIC 7858
    7858 7905
ioapic 7877
    7558 7575 7576 7874 7877
    7886 7887 7893 7894 7905
ioapicenable 7920
    0311 4506 7920
ioapicid 7464
    0312 7464 7576 7908 7909
ioapicinit 7901
    0313 7901 7909
ioapicread 7884
    7884 7906 7907
ioapicwrite 7891
    7891 7914 7915 7925 7926
IPB 4351
    4351 4354 5462 5486 5565
iput 5608
    0294 2540 5608 5635 5910
    6033 6184 6485 6769
IRQ_ERROR 3235
    3235 7688
IRQ_IDE 3234
    3234 3632 3636 4506
IRQ_KBD 3232
    3232 3639
IRQ_SPURIOUS 3236
    3236 3653 7668
IRQ_TIMER 3231
    3231 7675
isdirempty 6502
    6502 6509 6579
itrunc 5706
    5224 5617 5706
iunlock 5581
    0295 5581 5584 5634 6022
    6207 6227 6278 6475 6689
    6768 8478 8515
iunlockput 5632
    0296 5632 6017 6026 6029
    6468 6481 6484 6495 6580
    6591 6595 6601 6618 6622
    6646 6676 6685 6711 6731
    6764 6908 6964
iupdate 5480
    0297 5480 5619 5732 5829
    6474 6494 6589 6594 6633
    6637
kalloc 3137
    0316 1159 1596 1693 1766
    1815 1919 2376 3137 7030
KBDATAP 7954
    7954 8117
kbdgetc 8106
    8106 8148
kbdintr 8146
    0322 3640 8146
KBSTATP 7952
    7952 8114
KBS_DIB 7953
    7953 8115
KERNBASE 0211
    0211 0212 0214 0215 0217
    0218 0906 0915 1185 1486
    1679 1808 1871
KERNLINK 0212
    0212 1680
KEY_DEL 7978
    7978 8019 8041 8065
KEY_DN 7972
    7972 8015 8037 8061
KEY_END 7970
    7970 8018 8040 8064
KEY_HOME 7969
    7969 8018 8040 8064
KEY_INS 7977
    7977 8019 8041 8065
KEY_LF 7973
    7973 8017 8039 8063
KEY_PGDN 7976
    7976 8016 8038 8062
KEY_PGUP 7975
    7975 8016 8038 8062
KEY_RT 7974
    7974 8017 8039 8063
KEY_UP 7971
    7971 8015 8037 8061
kfree 3114
    0317 1825 1853 1855 1875
    1878 2488 2585 3106 3114
    3119 7052 7073
kill 2875
    0362 2875 3674 3679 4035
    8765 8793
kinit1 3081
    0318 1070 3081
kinit2 3090
    0319 1101 3090
KSTACKSIZE 0151
    0151 0905 0919 1160 1745
    1752 2380
kvmalloc 1711
    0427 1072 1711
lapiceoi 7721
    0328 3634 3641 3658 7721
lapicid 7712
    0326 2294 7712 8313
lapicinit 7658
    0329 1076 1116 7658
lapicstartap 7740
    0330 1164 7740
lapicw 7651
    7651 7668 7674 7675 7676
    7679 7680 7685 7688 7691
    7692 7695 7701 7702 7707
    7724 7756 7757 7759 7768
    7769
LINT0 7636
    7636 7679
LINT1 7637
    7637 7680
LIST 8910
    8910 8990 9157 9433
listcmd 8940 9151
    8940 8961 8991 9151 9153
    9296 9407 9434
loaduvm 1775
    0434 1775 1781 1784 6905
log 4988 5000
    4988 5000 5012 5014 5015
    5016 5026 5027 5028 5040
    5043 5044 5045 5056 5059
    5060 5061 5072 5080 5082
    5083 5084 5086 5088 5089
    5107 5108 5109 5110 5111
    5113 5118 5120 5126 5127
    5128 5129 5139 5140 5141
    5153 5157 5176 5178 5181
    5182 5183 5186 5187 5188
    5190
logheader 4983
    4983 4995 5008 5009 5041
    5057
LOGSIZE 0160
    0160 4985 5084 5176
log_write 5172
    0335 5172 5179 5258 5278
    5314 5466 5493 5680 5823
mappages 1615
    1615 1700 1768 1822 1922
MAXARG 0158
    0158 6778 6864 6922
MAXARGS 8913
    8913 8921 8922 9390
MAXFILE 4325
    4325 5816
MAXOPBLOCKS 0159
    0159 0160 0161 5084 6267
memcmp 7165
    0395 7165 7486 7538 7826
memmove 7181
    0396 1150 1769 1921 1982
    5029 5142 5236 5492 5571
    5772 5822 5979 5981 7181
    7204 8376
memset 7154
    0397 1599 1695 1767 1821
    2393 2414 3122 5257 5464
    6584 6785 7154 8378 9037
    9108 9119 9135 9156 9169
microdelay 7730
    0331 7730 7758 7760 7770
    7788 8608
min 5223
    5223 5771 5821
MINS 7779
    7779 7803
MONTH 7782
    7782 7806
mp 7302
    7302 7457 7478 7485 7486
    7487 7505 7510 7514 7515
    7518 7519 7530 7533 7535
    7537 7544 7555 7560 7592
MPBUS 7352
    7352 7579
mpconf 7313
    7313 7529 7532 7537 7556
mpconfig 7530
    7530 7560
mpenter 1112
    1112 1161
mpinit 7551
    0341 7551
MPIOAPIC 7353
    7353 7574
mpioapic 7339
    7339 7558 7575 7577
MPIOINTR 7354
    7354 7580
MPLINTR 7355
    7355 7581
mpmain 1123
    1059 1105 1117 1123
MPPROC 7351
    7351 7566
mpproc 7328
    7328 7557 7567 7572
mpsearch 7506
    7506 7535
mpsearch1 7479
    7479 7514 7518 7521
multiboot_header 0859
    0858 0859
mycpu 2287
    0363 1128 1153 1441 1504
    1520 1521 1522 1530 1532
    1741 1742 1743 1744 1745
    1748 2281 2287 2292 2312
    2661 2715 2721 2722 2723
myproc 2308
    0364 2308 2456 2479 2524
    2572 2711 2731 2776 3608
    3610 3612 3664 3675 3680
    3682 3691 3696 3702 3819
    3834 3855 3865 3954 4041
    4058 4075 4879 6012 6328
    6356 6420 6755 6814 6869
    7087 7107 8483
namecmp 5853
    0298 5853 5874 6570
namei 6040
    0299 2425 6040 6461 6670
    6758 6873
nameiparent 6051
    0300 6005 6020 6032 6051
    6477 6562 6613
namex 6005
    6005 6043 6053
NBUF 0161
    0161 4680 4703
NCPU 0152
    0152 2162 7462 7568
ncpu 7463
    1152 2163 4506 7463 7568
    7569 7570
NDEV 0156
    0156 5759 5809 6112
NDIRECT 4323
    4323 4325 4334 4424 5665
    5670 5674 5675 5712 5719
    5720 5727 5728
NELEM 0442
    0442 1698 2922 3958 6787
nextpid 2266
    2266 2371
NFILE 0154
    0154 6115 6131
NINDIRECT 4324
    4324 4325 5672 5722
NINODE 0155
    0155 5389 5398 5512
NO 7956
    7956 8002 8005 8007 8008
    8009 8010 8012 8024 8027
    8029 8030 8031 8032 8034
    8052 8053 8055 8056 8057
    8058
NOFILE 0153
    0153 2214 2500 2532 6328
    6358
NPDENTRIES 0632
    0632 1179 1872
NPROC 0150
    0150 2261 2362 2551 2578
    2670 2857 2880 2919
nulterminate 9402
    9265 9280 9402 9423 9429
    9430 9435 9436 9441
NUMLOCK 7963
    7963 7996
O_CREATE 4203
    4203 6663 9328 9331
O_RDONLY 4200
    4200 6675 9325
O_RDWR 4202
    4202 6696 8864 8866 9057
O_WRONLY 4201
    4201 6695 6696 9328 9331
P2V 0215
    0215 1070 1101 1149 1594
    1696 1790 1854 1874 1921
    1961 7483 7512 7537 7750
    8352
panic 8305 9081
    0272 1428 1455 1529 1531
    1629 1697 1732 1734 1736
    1765 1781 1784 1853 1870
    1890 1914 1916 2292 2302
    2411 2529 2562 2714 2716
    2718 2720 2779 2782 3119
    3670 4527 4529 4535 4609
    4611 4613 4746 4768 4779
    5009 5110 5177 5179 5286
    5312 5472 5524 5559 5575
    5584 5686 5867 5871 5917
    5925 6156 6170 6230 6284
    6289 6509 6578 6586 6627
    6640 6644 7561 7590 8263
    8305 8313 8373 8951 8970
    9003 9081 9094 9278 9322
    9356 9360 9386 9391
panicked 8170
    8170 8319 8403
parseblock 9351
    9351 9356 9375
parsecmd 9268
    8952 9074 9268
parseexec 9367
    9264 9305 9367
parseline 9285
    9262 9274 9285 9296 9358
parsepipe 9301
    9263 9289 9301 9308
parseredirs 9314
    9314 9362 9381 9392
PCINT 7635
    7635 7685
pde_t 0103
    0103 0428 0429 0430 0431
    0432 0433 0434 0435 0438
    0439 1060 1133 1179 1560
    1587 1589 1615 1686 1689
    1693 1760 1775 1803 1837
    1865 1884 1902 1903 1905
    1952 1968 2205 6868
PDX 0623
    0623 1592 1849
PDXSHIFT 0638
    0623 0629 0638 1185
peek 9251
    9251 9275 9290 9294 9306
    9319 9355 9359 9374 9382
PGADDR 0629
    0629 1849
PGROUNDDOWN 0641
    0641 1622 1623 1975
PGROUNDUP 0640
    0640 1813 1845 3104 6914
PGSIZE 0634
    0634 0640 0641 0666 1178
    1599 1634 1635 1695 1764
    1767 1768 1780 1782 1786
    1789 1814 1821 1822 1846
    1849 1912 1921 1922 1979
    1985 2413 2421 3105 3118
    3122 6903 6915 6917
PHYSTOP 0204
    0204 1101 1681 1696 1697
    3118
pinit 2273
    0365 1089 2273
PIPE 8909
    8909 9000 9136 9427
pipe 7012
    0254 0352 0353 0354 4405
    6181 6222 6259 7012 7024
    7030 7036 7040 7044 7061
    7080 7101 8761 8789 9002
    9003
pipealloc 7022
    0351 6809 7022
pipeclose 7061
    0352 6181 7061
pipecmd 8934 9130
    8934 8962 9001 9130 9132
    9308 9408 9428
piperead 7101
    0353 6222 7101
PIPESIZE 7010
    7010 7014 7086 7094 7116
pipewrite 7080
    0354 6259 7080
popcli 1526
    0386 1473 1526 1529 1531
    1754 2314
printint 8178
    8178 8278 8282
proc 2203
    0255 0364 0369 0436 1055
    1407 1556 1729 2159 2203
    2209 2255 2261 2264 2307
    2310 2313 2354 2357 2362
    2404 2456 2478 2479 2524
    2525 2551 2570 2572 2578
    2660 2662 2670 2677 2687
    2711 2776 2855 2857 2877
    2880 2915 2919 3555 3674
    3679 3805 3819 3834 3865
    3954 4007 4457 4858 5216
    6311 6356 6755 6854 6869
    7004 7459 7557 7567 7569
    8164 8561
procdump 2904
    0366 2904 8468
proghdr 0824
    0824 6867 9520 9533
PTE_ADDR 0666
    0666 1594 1785 1851 1874
    1917 1961
PTE_FLAGS 0667
    0667 1918
PTE_R 0654
    0654 1182 1185 1679 1680
    1681 1682 1768 1822
pte_t 0670
    0670 1586 1590 1594 1596
    1618 1778 1839 1886 1906
    1954
PTE_U 0657
    0657 1768 1822 1891 1959
PTE_V 0653
    0653 1182 1185 1593 1604
    1628 1630 1850 1873 1915
    1957
PTE_W 0655
    0655 1182 1185 1679 1681
    1682 1768 1822
PTE_X 0656
    0656 1182 1185 1680 1768
    1822
PTX 0626
    0626 1607
PTXSHIFT 0637
    0626 0629 0637
pushcli 1513
    0385 1426 1513 1738 2311
readi 5753
    0301 1790 5753 5870 5916
    6225 6508 6509 6882 6893
readsb 5231
    0287 5013 5231 5307 5402
readsect 9560
    9560 9617
readseg 9584
    9514 9527 9537 9584
read_head 5038
    5038 5070
recover_from_log 5068
    5002 5017 5068
REDIR 8908
    8908 8980 9120 9421
redircmd 8925 9114
    8925 8963 8981 9114 9116
    9325 9328 9331 9409 9422
REG_ID 7860
    7860 7907
REG_TABLE 7862
    7862 7914 7915 7925 7926
REG_VER 7861
    7861 7906
release 1452
    0384 1452 1455 2366 2373
    2435 2513 2593 2602 2689
    2733 2757 2792 2805 2868
    2886 2890 3130 3148 3626
    4076 4081 4094 4562 4580
    4633 4726 4741 4795 4880
    4890 4907 5089 5120 5129
    5190 5515 5531 5543 5614
    5627 6134 6138 6158 6172
    6178 7072 7075 7088 7097
    7108 7119 8301 8466 8484
    8504 8519
releasesleep 4884
    0390 4781 4884 5586 5623
ROOTDEV 0157
    0157 2764 2765 6010
ROOTINO 4304
    4304 6010
run 3065
    2911 3065 3066 3072 3116
    3126 3139 7561
runcmd 8956
    8956 8970 8987 8993 8995
    9009 9016 9027 9074
RUNNING 2200
    2200 2680 2717 2911 3696
safestrcpy 7232
    0398 2424 2505 6943 7232
sb 5227
    0287 4354 4360 5011 5013
    5014 5015 5227 5231 5236
    5272 5273 5274 5307 5308
    5402 5403 5404 5405 5406
    5460 5461 5485 5564 7814
    7816 7818
sched 2708
    0368 2561 2708 2714 2716
    2718 2720 2732 2798
scheduler 2658
    0367 1130 2153 2658 2682
    2722
SCROLLLOCK 7964
    7964 7997
SECS 7778
    7778 7802
SECTOR_SIZE 4465
    4465 4530
SECTSIZE 9512
    9512 9578 9597 9601 9616
SEG 0579
    0579 1575 1576 1577 1578
SEG16 0583
    0583 1741
segdesc 0562
    0562 0579 0583
seginit 1566
    0426 1115 1566
SEG_ASM 0460
    0460 1039 1040
SEG_KCODE 0551
    0551 0993 1575 3576 3578
SEG_KDATA 0552
    0552 1003 1576 1744 3364
SEG_NULLASM 0454
    0454 1038
SEG_TSS 0555
    0555 1741 1743 1749
SEG_UCODE 0553
    0553 1577
SEG_UDATA 0554
    0554 1578
SETGATE 0738
    0738 3576 3578
setupkvm 1687
    0428 1687 1714 1910 2410
    6887
SHIFT 7958
    7958 7986 7987 8135
skipelem 5965
    5965 6014
sleep 2774
    0370 2607 2774 2779 2782
    2909 4079 4629 4865 4876
    5083 5086 7092 7111 8488
    8777 8805
sleeplock 4151
    0258 0389 0390 0391 0392
    4104 4151 4416 4461 4674
    4860 4863 4872 4884 4901
    4954 5218 6109 6314 7007
    8159 8557
spinlock 1351
    0257 0370 0380 0382 0383
    0384 0418 1351 1408 1412
    1424 1452 1502 2256 2260
    2774 3059 3070 3558 3564
    4153 4460 4480 4673 4679
    4859 4953 4989 5217 5388
    6108 6114 6313 7006 7013
    8158 8173 8556
start 0973 8660 8674 9461
    0972 0973 1016 1024 1026
    4990 5014 5027 5040 5056
    5140 5404 8659 8660 8673
    8674 9460 9461 9462
stat 4254
    0259 0283 0302 4254 5214
    5738 6202 6309 6429 8853
stati 5738
    0302 5738 6206
STA_R 0469 0596
    0469 0596 1039 1575 1577
STA_W 0468 0595
    0468 0595 1040 1576 1578
STA_X 0465 0592
    0465 0592 1039 1575 1577
strlen 7251
    0399 6924 6925 7251 9068
    9273
strncmp 7208
    0400 5855 7208
strncpy 7218
    0401 5922 7218
STS_IG32 0611
    0611 0744
STS_T32A 0608
    0608 1741
STS_TG32 0612
    0612 0744
sum 7467
    7467 7469 7471 7473 7474
    7486 7542
superblock 4313
    0260 0287 4313 5011 5227
    5231
SVR 7618
    7618 7668
switchkvm 1722
    0437 1114 1716 1722 2683
switchuvm 1729
    0436 1729 1732 1734 1736
    2467 2679 6956
swtch 2959
    0377 2682 2722 2958 2959
SYSCALL 8704 8780 8786 8787 8788 8789 8790 8791 8792 8793 8794 8795 8796 8797 8798 8799 8800 8801 8802 8803 8804 8805 8806
    8786 8787 8788 8789 8790
    8791 8792 8793 8794 8795
    8796 8797 8798 8799 8800
    8801 8802 8803 8804 8805
    8806
syscall 3951
    0409 3611 3806 3951
SYSCALL_arg0 8712 8758 8759 8760 8775 8778
    8758 8759 8760 8775 8778
SYSCALL_arg1 8722 8761 8764 8765 8769 8772 8773 8774 8776 8777
    8761 8764 8765 8769 8772
    8773 8774 8776 8777
SYSCALL_arg2 8733 8766 8767 8770 8771
    8766 8767 8770 8771
SYSCALL_arg3 8745 8762 8763 8768
    8762 8763 8768
SYS_chdir 3759
    3759 3931
sys_chdir 6751
    3900 3931 6751
SYS_close 3771
    3771 3943
sys_close 6413
    3901 3943 6413
SYS_dup 3760
    3760 3932
sys_dup 6368
    3902 3932 6368
SYS_exec 3757
    3757 3929 8664 8681 8685
sys_exec 6776
    3903 3929 6776
SYS_exit 3752
    3752 3924 8669
sys_exit 4016
    3904 3924 4016
SYS_fork 3751
    3751 3923
sys_fork 4010
    3905 3923 4010
SYS_fstat 3758
    3758 3930
sys_fstat 6426
    3906 3930 6426
SYS_getpid 3761
    3761 3933
sys_getpid 4039
    3907 3933 4039
SYS_kill 3756
    3756 3928
sys_kill 4029
    3908 3928 4029
SYS_link 3769
    3769 3941
sys_link 6452
    3909 3941 6452
SYS_mkdir 3770
    3770 3942
sys_mkdir 6701
    3910 3942 6701
SYS_mknod 3767
    3767 3939
sys_mknod 6717
    3911 3939 6717
SYS_open 3765
    3765 3937
sys_open 6651
    3912 3937 6651
SYS_pipe 3754
    3754 3926
sys_pipe 6801
    3913 3926 6801
SYS_read 3755
    3755 3927
sys_read 6382
    3914 3927 6382
SYS_sbrk 3762
    3762 3934
sys_sbrk 4051
    3915 3934 4051
SYS_sleep 3763
    3763 3935
sys_sleep 4065
    3916 3935 4065
SYS_unlink 3768
    3768 3940
sys_unlink 6551
    3917 3940 6551
SYS_uptime 3764
    3764 3936
sys_uptime 4088
    3920 3936 4088
SYS_wait 3753
    3753 3925
sys_wait 4023
    3918 3925 4023
SYS_write 3766
    3766 3938
sys_write 6401
    3919 3938 6401
S_MIE 0529
    0529 1521 1528 2291 2420
    2719
TDCR 7642
    7642 7674
ticks 3565
    0416 3565 3624 3625 4073
    4074 4079 4093
tickslock 3564
    0418 3564 3581 3586 3623
    3626 4072 4076 4079 4081
    4092 4094
TICR 7640
    7640 7676
TPR 7616
    7616 7707
trap 3601
    3252 3254 3370 3452 3601
    3666 3668 3670 3673 3678
trapret 3375 3458
    2268 2389 3374 3375 3457
    3458
tvinit 3568
    0417 1091 3568
T_DEV 4252
    4252 5758 5808 6727
T_DIR 4250
    4250 5866 6016 6467 6579
    6587 6635 6675 6707 6763
T_FILE 4251
    4251 6620 6664
T_IRQ0 3229
    3229 3632 3636 3639 3652
    3653 7668 7675 7688 7914
    7925
T_SYSCALL 3226
    3226 3578 8665 8670 8708
uart 8566
    8566 8587 8605 8615
uartgetc 8613
    8613 8625
uartinit 8569
    0421 1086 8569
uartintr 8623
    0422 3647 8623
uartputc 8601
    0423 8410 8412 8597 8601
userinit 2402
    0371 1103 2402 2411
uva2ka 1952
    0429 1952 1976
V2P 0214
    0214 1162 1164 1604 1680
    1681 1724 1753 1768 1822
    1922 3118
V2P_WO 0217
    0217 0870 0890
VER 7615
    7615 7684
wait 2568
    0372 2568 4025 8760 8788
    8883 8994 9020 9021 9075
waitdisk 9551
    9551 9576
wakeup 2864
    0373 2864 3625 4574 4889
    5118 5128 7066 7069 7091
    7096 7118 8460
wakeup1 2853
    2270 2547 2555 2853 2867
walkpgdir 1587
    1587 1626 1783 1847 1888
    1913 1956
writei 5803
    0303 5803 5924 6276 6585
    6586
write_head 5054
    5054 5073 5155 5158
write_log 5135
    5135 5154
YEAR 7783
    7783 7807
yield 2728
    0374 2728 3698
__attribute__ 1178
    0272 0367 1059 1178
